150.511945392491
119.189189189189
85.6310679611650
68.9062500000000
69.1222570532915
83.5227272727273
52.8776978417266
83.6812144212524
317.266187050360
67.1232876712329
78.8908765652952
79.4594594594595
175
61.6783216783217
61.5921787709497
226.153846153846
227.319587628866
240.983606557377
232.105263157895
150.511945392491
100
99.7737556561086
83.3648393194707
164.552238805970
164.552238805970
163.940520446097
165.168539325843
159.782608695652
159.782608695652
306.250000000000
124.225352112676
53.8461538461539
53.8461538461539
393.750000000000
63.1805157593123
217.241379310345
227.319587628866
227.319587628866
73.2558139534884
80.7692307692308
67.0212765957447
240.983606557377
130.860534124629
129.325513196481
376.923076923077
51.2790697674419
64.3795620437956
63.9130434782609
64.0058055152395
336.641221374046
60.1637107776262
336.641221374046
59.8371777476255
59.5141700404858
161.538461538462
59.9184782608696
59.3539703903096
256.395348837209
209.004739336493
209.004739336493
209.004739336493
209.004739336493
246.368715083799
81.8181818181818
233.333333333333
145.065789473684
