225
50.2277904328018
306.250000000000
306.250000000000
99.3243243243243
147.986577181208
200.454545454545
196.875000000000
196
196
195.132743362832
70.5600000000000
70.5600000000000
238.378378378378
66.2162162162162
66.2162162162162
253.448275862069
51.8213866039953
64.1921397379913
50.4576659038902
400
235.828877005348
400
152.068965517241
152.068965517241
96.9230769230769
150
94.8387096774194
81.5157116451017
81.0661764705882
95.8695652173913
84.1603053435115
64.2857142857143
64.3795620437956
214.077669902913
214.077669902913
52.6881720430108
52.8143712574850
219.402985074627
297.972972972973
341.860465116279
341.860465116279
344.531250000000
193.421052631579
280.891719745223
243.646408839779
243.646408839779
246.368715083799
246.368715083799
153.658536585366
53.9779681762546
198.648648648649
198.648648648649
56.3218390804598
90.3688524590164
90.9278350515464
87.6739562624255
81.3653136531365
63.2711621233859
65.4302670623145
331.578947368421
334.090909090909
121.487603305785
100.455580865604
89.4523326572008
112.500000000000